0.28605987866094
0
0.0381490961773165
-3.31370496749878
0.142260248596181
0
-1.87208717578124
1.464674949646
-0.261481426639318
0.84763275878491
0.890803843254189
-2.98949599266052
0.0778724613080145
0.421535685281941
-1.4363976924121
-0.265151977539063
-0.101359549816071
0.0457257054414553
1.53258890056511
-1.51254081726074
0.0120893529041135
0.474094910951316
-0.305993700653525
-1.20214152336121
0.00851632851448775
-0.221180374668667
1.22131560073868
-0.0355857610702515
-0.127700617486288
0.436930468438049
0.627759814079673
-1.0219509601593
0.126936556118512
-0.127180835891066
0.648663838774477
0.973065793514252
-0.0358942900302383
0.0349942225820947
0.901851214527611
-0.0849612951278687
-0.244827337812168
0.600828878026343
1.19300003430212
1.62148535251617
-0.437096565313759
-0.172194297089526
1.3300520423273
0.815989851951599
-0.3039743489088
-0.114250388729705
1.5349468445721
3.17048692703247
0.452007378550187
-1.26812305867669
-0.301063892455746
1.53675103187561
0.982784792437681
-2.94835437731304
0.668731539755123
4.28720903396606
-0.0841825301011008
0.252547590303302
-2.51083934199007
0.419571459293365
